Character stats MCHAR

        EXP          UP    LV #A  HP    STR    VIT   WIT    AGI   SP                                                         FI WA WI EA  WL WL WL WL  MP MP MP MP  MP MP MM PP  PS CC FW WE  WPN   SHLD   ARMR  HELM   FOOT  ACC    ITEM1---------------------------------------------------------------------12
JUSTIN  10 00 00 00  23 00 02 12  2D 00 0C 00  0B 00 12 00  0F 00 1A 00  00 00 00 00  00 00 00 00  00 00 00 00  00 00 00 00  00 00 00 00  01 01 01 00  08 08 03 03  01 01 77 77  77 77 77 77  65 00 C5 00  A4 00 DA 00  F7 00 15 01  4F 01 4F 01  4F 01 00 00  00 00 00 00  00 00 00 00  00 00 00 00  00 00 00 00  00 00 00 00 
FEENA   B5 01 00 00  63 01 06 12  3E 00 1C 00  14 00 24 00  1E 00 1F 00  11 00 00 00  00 00 00 00  25 00 15 00  00 00 00 00  03 00 00 00  03 06 00 00  0A 0A 04 04  01 01 77 77  77 77 77 77  9B 00 C7 00  B6 00 DD 00  FC 00 24 01  67 01 63 01  63 01 6F 01  73 01 41 00  00 00 00 00  00 00 00 00  00 00 00 00  00 00 00 00 
SUE     00 00 00 00  1A 00 01 12  24 00 08 00  0A 00 12 00  0A 00 14 00  00 00 00 00  00 00 00 00  00 00 00 00  00 00 00 00  00 00 00 00  01 01 00 00  08 08 03 03  01 01 77 77  77 77 77 77  88 00 C6 00  A5 00 DB 00  F8 00 23 01  66 01 66 01  64 01 4F 01  00 00 00 00  00 00 00 00  00 00 00 00  00 00 00 00  00 00 00 00 
GADWIN  F0 C4 02 00  14 4C 1E 12  11 01 5F 00  28 00 30 00  1B 00 2D 00  00 00 00 00  00 00 00 00  00 00 00 00  00 00 00 00  06 00 00 07  14 00 00 00  11 11 0A 0A  05 05 77 99  77 77 77 77  55 00 D4 00  BA 00 EA 00  00 01 27 01  5F 01 AB 01  70 01 70 01  00 00 00 00  00 00 00 00  00 00 00 00  00 00 00 00  00 00 00 00 
RAPP    F0 CD 00 00  E4 21 14 12  7F 00 4E 00  35 00 66 00  6E 00 55 00  00 00 00 00  00 00 00 00  00 00 00 00  00 00 00 00  05 00 00 00  0C 09 17 00  10 10 0A 0A  05 05 77 99  97 77 77 77  8F 00 CE 00  AE 00 E2 00  01 01 18 01  68 01 52 01  53 01 70 01  00 00 00 00  00 00 00 00  00 00 00 00  00 00 00 00  00 00 00 00 
MILDA   1B 7C 04 00  AF 67 23 12  08 01 77 00  30 00 38 00  30 00 4B 00  00 00 00 00  00 00 00 00  00 00 00 00  00 00 00 00  00 00 00 00  14 1B 1E 00  00 00 00 00  00 00 A8 99  99 99 77 77  85 00 D1 00  B0 00 E3 00  03 01 1A 01  BC 01 BC 01  BD 01 BD 01  00 00 00 00  00 00 00 00  00 00 00 00  00 00 00 00  00 00 00 00 
GUIDO   E6 67 01 00  AB 2F 18 13  84 00 4E 00  2E 00 70 00  5A 00 4B 00  00 00 00 00  00 00 00 00  00 00 00 00  00 00 00 00  00 00 00 00  13 08 1C 00  00 00 00 00  00 00 A7 88  75 57 77 77  46 00 D2 00  B1 00 E4 00  09 01 3D 01  77 01 77 01  90 01 90 01  3B 01 76 01  76 01 00 00  00 00 00 00  00 00 00 00  00 00 00 00 
LIETE   0A C6 02 00  C9 4A 1E 12  7C 00 50 00  37 00 89 00  39 00 38 00  00 00 00 00  00 00 00 00  00 00 00 00  00 00 00 00  0D 11 11 15  0A 00 00 00  4C 4C 32 32  19 19 99 55  55 97 77 77  77 00 D8 00  B3 00 E5 00  0A 01 D0 01  69 01 69 01  6C 01 6C 01  C2 01 BF 01  00 00 00 00  00 00 00 00  00 00 00 00  00 00 00 00 


EXP - current EXP
UP - EXP to level up
LV - Level
#A - # of critical/combo attacks
HP -
STR -
VIT -
WIT -
AGI -
SP -
FI,WA,WI,EA - Magic levels
WL - Weapon levels
MP -
MM - Move / Magic Block resistance
PP - Plauge / Poison resistance
PS - Paralysis / Sleep resistance
CC - Confusion / Critical resistance
FW - Fire / Water resistance
WE - Wind / Earth resistance
EQUIPMENT
ITEM