

            ID LV HP     STR   VIT    WIT   AGI    UNKWN EXP    GP           ITEM1 ITEM2  %1 %2 MP MP  MP SP S1 S2  S3 S4 #A AR        IPKBK  MB SB ZZ PS  FW WE SIZE   SIZE      T           BS           IC
CENTIPEDE   69 04 20 00  13 00 05 00  09 00 16 00  00 05 02 00  04 00 64 50  00 00 00 00  00 00 00 00  00 77 00 00  00 00 01 04  00 00 12 05  77 77 77 77  77 77 E4 1C  E4 1C 18 04  00 00 00 00  00 00 00 0B
MARNA BUG   4B 03 12 00  12 00 05 00  0D 00 1E 00  8A 02 01 00  03 00 64 64  00 00 00 00  00 00 00 00  00 77 00 00  00 00 01 03  00 00 11 05  77 77 77 77  77 9B F4 0C  F4 0C 10 04  00 00 00 00  00 00 00 0A
GREEN SLIME 7E 04 2D 00  14 00 02 00  01 00 10 00  20 03 02 00  04 00 55 50  5A 01 00 00  0F 00 00 00  00 77 00 00  00 00 01 05  00 00 10 27  77 7C 75 77  09 44 F0 10  F0 10 10 08  00 00 00 00  00 00 00 04
BABY BAT    3C 03 12 00  14 00 06 00  13 00 21 00  F4 01 01 00  03 00 64 64  00 00 00 00  00 00 00 00  00 77 00 00  00 00 01 03  00 00 31 05  77 77 77 77  55 7B F4 0C  F4 0C 10 0C  00 00 00 00  00 00 00 09
SONIC BAT   3E 0F 51 00  2F 00 19 00  46 00 19 00  B0 04 19 00  0C 00 64 64  00 00 00 00  00 00 00 00  00 77 00 00  00 00 02 03  00 00 31 03  77 77 77 97  55 77 F4 0C  F4 0C 10 0C  00 00 00 00  00 00 00 09
ROCK BIRD   43 06 E6 00  15 00 0A 00  0D 00 13 00  DC 05 1E 00  96 00 64 50  00 00 00 00  00 00 00 00  00 77 00 00  00 00 01 05  00 00 12 14  EE EE EE E7  A7 77 EC 14  EC 14 28 13  0A 00 00 C0  00 00 00 08
SPYDER      54 04 24 00  15 00 08 00  10 00 2D 00  E8 03 03 00  06 00 64 5A  00 00 00 00  00 00 00 00  00 77 00 00  00 00 02 03  00 00 10 05  77 77 97 77  77 77 E4 1C  E4 1C 18 04  00 00 00 00  00 00 00 0B
ORC         FD 05 46 00  1D 00 0A 00  0F 00 1E 00  E2 04 04 00  14 00 64 46  00 00 00 00  00 00 00 00  00 77 00 00  00 00 01 03  00 00 00 05  77 77 77 77  77 77 E8 18  E8 18 20 01  00 00 00 00  00 00 00 00
ORC KING    FE 07 81 01  20 00 0B 00  0F 00 28 00  D0 07 46 00  C2 01 64 46  00 00 00 00  00 00 00 00  00 77 00 00  00 00 01 03  00 00 00 05  EE EE EE E7  77 77 E8 18  E8 18 20 01  0A 00 00 C0  00 00 00 00
GHOSTOID    24 06 3E 00  1B 00 0B 00  2D 00 23 00  08 07 04 00  01 00 64 64  00 00 00 00  00 00 00 00  00 77 00 00  00 00 02 03  00 00 21 07  77 EE EE 77  57 4B E8 18  E8 18 28 0A  00 00 00 00  00 00 00 06
VENGEFUL    25 0A 23 00  28 00 64 00  0F 00 0E 00  D0 07 12 00  0C 00 5A 64  49 01 00 00  0A 00 00 00  00 77 00 00  00 00 02 03  00 00 21 07  77 EE EE E7  47 4E E8 18  E8 18 28 0A  00 00 00 00  00 00 00 06
SEA JELLY   5A 05 44 00  1D 00 08 00  1C 00 19 00  B0 04 05 00  0A 00 64 46  00 00 00 00  00 00 00 00  00 77 00 00  00 00 01 01  00 00 12 05  77 77 97 77  49 77 E8 18  E8 18 30 07  00 00 00 00  00 00 00 04
MUD JELLY   5B 09 49 00  23 00 10 00  0F 00 0C 00  DC 05 0A 00  11 00 64 5A  00 00 00 00  00 00 00 00  00 77 00 00  00 00 01 01  00 00 12 03  77 77 97 77  09 27 E8 18  E8 18 30 27  00 00 00 00  00 00 00 04
AMMONITE    57 03 38 00  1B 00 18 00  16 00 19 00  20 03 05 00  0C 00 50 26  5C 01 00 00  14 00 00 00  00 77 00 00  00 00 01 03  00 00 10 05  77 77 97 77  77 77 EC 14  EC 14 28 07  00 00 00 00  00 00 00 0B
SQUIDKING   96 0A 50 02  22 00 0F 00  1A 00 0A 00  D0 07 4A 00  E8 03 64 32  00 00 00 00  00 00 63 63  63 37 11 00  00 00 01 05  00 00 13 27  EE EE EE E9  57 67 B8 48  B8 48 60 27  08 00 00 C0  00 00 00 00
LEFT TENT   98 09 B6 01  2A 00 0A 00  18 00 0A 00  58 1B 28 00  F4 01 64 32  00 00 00 00  00 00 00 00  00 77 00 00  00 00 01 05  00 00 24 27  EE EE EE E7  57 57 C8 38  C8 38 38 27  05 00 00 D0  00 00 00 02
RIGHT TENT  97 09 64 01  24 00 0C 00  0C 00 0A 00  D0 07 28 00  F4 01 64 32  00 00 00 00  00 00 63 63  63 47 06 11  00 00 01 05  00 00 24 27  EE EE EE E9  47 57 C0 40  C0 40 28 27  05 00 00 D0  00 00 00 01
GRIM HAZE   81 12 32 00  3C 00 01 00  5A 00 19 00  B0 04 12 00  12 00 64 50  00 00 00 00  00 00 63 63  63 37 11 00  00 00 01 04  00 00 10 07  77 EE EE E7  49 4B E8 18  E8 18 28 28  00 00 00 00  00 00 00 03
MIST WRAITH 83 14 73 00  39 00 28 00  37 00 19 00  A4 06 1E 00  12 00 64 78  00 00 00 00  00 00 63 63  63 27 0D 17  00 00 01 04  00 00 10 07  77 EE EE E7  49 5B E8 18  E8 18 28 28  00 00 00 00  00 00 00 03
MAGMA MAN   0A 16 D3 00  50 00 42 00  2B 00 10 00  D0 07 4B 00  28 00 5A 46  71 00 00 00  0A 00 00 00  00 77 00 00  00 00 01 04  00 00 34 27  88 44 42 44  D0 39 E4 1C  E4 1C 2C 11  00 00 00 00  00 00 00 0F
HOT DOG     2A 13 A4 00  4B 00 23 00  5A 00 1C 00  14 05 2D 00  05 00 5A 5A  71 00 00 00  0A 00 00 00  00 77 00 00  00 00 01 04  00 00 13 03  77 EE EE E7  E1 37 E8 18  E8 18 28 12  00 00 00 00  00 00 00 03
YETI        07 2D 90 01  91 00 3F 00  65 00 17 00  98 08 6E 00  82 00 64 5A  00 00 00 00  00 00 00 00  00 77 00 00  00 00 01 05  00 00 37 27  77 77 CC 77  77 77 E4 1C  E4 1C 38 61  00 00 00 00  00 00 00 01
TRENT       B8 19 C9 08  64 00 3A 00  52 00 14 00  08 07 D0 07  54 0B 64 50  00 00 00 00  00 00 00 00  00 77 00 00  00 00 01 05  00 00 00 37  EE EE EE EA  5E 5E D8 28  D8 28 40 A5  0A 00 00 C0  00 00 00 00
ENT         8A 04 37 00  2D 00 3C 00  1E 00 0B 00  20 03 11 00  28 00 50 50  5D 01 00 00  14 00 63 63  63 77 06 00  00 00 01 02  00 00 14 04  77 77 97 77  46 57 E8 18  E8 18 38 C5  0A 00 00 00  00 00 00 0E
METL BEETLE 4D 0D 3C 00  32 00 2D 00  14 00 3C 00  14 05 19 00  32 00 64 5A  00 00 00 00  00 00 00 00  00 77 00 00  00 00 02 03  00 00 11 03  77 77 79 77  EE EE F4 0C  F4 0C 10 04  00 00 00 00  00 00 00 0A
COBRA       6C 08 3C 00  1F 00 0F 00  20 00 14 00  14 05 06 00  0E 00 5A 55  62 01 00 00  0A 00 00 00  00 77 00 00  00 00 01 04  00 00 12 03  77 7A 97 77  77 77 E8 18  E8 18 28 0D  00 00 00 00  00 00 00 0C
PURPL SLIME 7F 01 46 00  25 00 0C 00  19 00 05 00  14 05 02 00  0A 00 64 96  00 00 00 00  00 00 00 00  00 77 00 00  00 00 01 05  00 00 10 27  77 7C 95 77  39 4E F0 10  F0 10 10 28  00 00 01 00  7F 01 64 04
CHANG       CC 0C E2 02  26 00 15 00  32 00 23 00  B0 04 EB 00  20 03 00 46  00 00 00 00  00 00 00 00  00 77 00 00  00 00 03 03  00 00 24 22  EE EE EE E8  AA AA EC 14  EC 14 34 01  0A 00 00 C0  00 00 00 00
PRIVATE     8D 0B 6E 00  32 00 1A 00  2A 00 10 00  20 03 0F 00  64 00 64 5F  00 00 00 00  00 00 00 00  00 77 00 00  00 00 01 04  00 00 14 04  77 77 79 77  77 77 F0 10  F0 10 30 01  0A 00 00 00  00 00 00 02
MEDUSA      0F 16 00 01  50 00 48 00  69 00 46 00  D0 07 4B 00  78 00 5A 50  35 01 00 00  0A 00 00 00  00 77 00 00  00 00 01 03  00 00 11 13  79 79 AC 98  46 64 E8 18  E8 18 30 01  00 00 00 00  00 00 00 01
EVIL GAIA   F1 63 0F 27  23 00 00 00  00 01 1E 00  88 13 00 00  00 00 00 28  00 00 00 00  00 00 63 63  63 57 00 00  00 00 01 0A  00 00 22 37  EE EE EE E8  BB BB D8 28  D8 28 7F 0B  00 00 00 C0  00 00 00 04
GAIA BRAIN  40 63 47 01  8D 00 32 00  9D 00 19 00  58 02 14 01  29 01 64 64  00 00 00 00  00 00 63 63  63 17 27 25  1F 0A 02 01  00 00 11 03  77 77 1B 77  99 8B EC 14  EC 14 1C 06  00 00 00 00  00 00 00 09
ZOMBIE      1E 0F 58 02  96 00 00 00  1E 00 0A 00  D0 07 22 00  25 00 63 64  B4 01 00 00  01 00 00 00  00 77 00 00  00 00 01 03  00 00 14 04  75 EE EE E7  04 44 EC 14  EC 14 28 0A  0A 00 00 00  00 00 00 05
SATAN       3B 14 4D 02  87 00 C3 00  87 00 17 00  DC 05 36 00  66 00 55 64  6C 01 C8 01  0E 01 63 63  63 57 10 25  1D 00 01 03  00 00 12 03  77 7A 9D B7  E9 9E E8 18  E8 18 28 06  00 00 00 00  00 00 00 01
LAYELAH     1A 15 81 01  64 00 AA 00  7E 00 13 00  B0 04 29 00  5C 00 5E 00  7F 01 CA 01  04 02 63 63  63 57 2A 16  1C 0A 01 02  00 00 14 04  BB BB EE A7  CC CC E8 18  E8 18 28 0A  0A 00 00 00  00 00 00 06
GAIA HORN	02 3F 7A 01  A0 00 4C 00  9B 00 32 00  08 07 D4 00  D5 00 64 5A  00 00 00 00  00 00 00 00  00 77 00 00  00 00 01 05  00 00 15 13  77 77 BB 77  A7 97 D8 28  D8 28 38 02  00 00 01 00  01 02 64 07

SAKI	    44 22 12 22  D1 0F E8 03  35 00 2D 00  78 00 46 00  00 19 55 00  F4 01 00 50  00 00 00 00  00 00 00 00  00 77 00 00  00 00 02 03  00 00 34 35  EE EE EA EA  88 88 F0 10  F0 10 30 01  0A 00 00 C0  00 00 00 00
SAKI2	    44 22 12 22  D2 26 88 13  8C 00 46 00  78 00 50 00  DC 05 80 0C  70 0D 64 5A  00 00 00 00  00 00 63 63  63 27 1F 1C  1E 1E 01 03  00 00 34 12  EE EE EE E7  77 77 F0 10  F0 10 30 01  0A 00 00 C0  00 00 00 00
NANA	    DC EE 18 00  D5 0F 84 03  3C 00 24 00  64 00 32 00  00 19 55 00  E8 03 00 50  00 00 00 00  00 00 00 00  00 77 00 00  00 00 01 03  00 00 33 34  EE EE EE EA  88 88 F0 10  F0 10 30 01  0A 00 00 C0  00 00 00 00
NANA2	    DC EE 18 00  D6 26 A0 0F  96 00 46 00  5A 00 3C 00  DC 05 80 0C  70 0D 64 5A  00 00 00 00  00 00 63 63  63 17 26 15  28 00 01 03  00 00 33 10  EE EE EE E7  77 77 F0 10  F0 10 30 01  0A 00 00 C0  00 00 00 02
MIO	        10 01 5C 54  D3 0F BC 02  32 00 1E 00  6E 00 1E 00  00 19 55 00  D0 07 00 50  00 00 00 00  00 00 00 00  00 77 00 00  00 00 01 03  00 00 32 32  EE EE EE EA  77 97 F0 10  F0 10 30 01  0A 00 00 C0  00 00 00 00
MIO2	    10 01 5C 54  D4 26 B8 0B  82 00 46 00  50 00 1E 00  DC 05 80 0C  70 0D 64 5A  00 00 00 00  00 00 63 63  63 77 0A 19  25 24 02 03  00 00 32 00  EE EE EE E7  77 77 F0 10  F0 10 30 01  0A 00 00 C0  00 00 00 01

ID - ID
LV - Level
HP - 
STR - 
VIT -
WIT -
AGI -
UNKWN - Unknown
EXP -
GP -
ITEM# - Dropped Item ID
%# - % chance of drop
MP - Magic Power
SP - Skill Power
S# - Spells
#A - # of Attacks
AR - Attack Range
IPKBK - Ip Knockback(resistance?)
MB - move block
SB - skill block
ZZ - sleep
PS - poison
FW - Fire / Water Resistance
WE - Wind / Earth Resistance
SIZE - radius/diameter size of enemy box
T - Type

	1 - HUMAN/BEAST
	2 - 
	3 - BIRD
	4 - INSECT
	5 - PLANT
	6 - DEMON
	7 - SEA
	8 - NEBULOUS
	9 - DRAGON
	A - GHOST
	B - GAIA
	C - BAT
	D - SNAKE
	E - 
	F - 






								
Ganymede1 - 88 13 F4 01  D0 07 64 32  00 00 00 00  00 00 00 00  00 77 00 00  00 00 01 05  00 00 00 27  EE EE EE ED  73 67 E0 20  E0 20 38 27  00 00 00 D8  00 00 00 01
MADRAGON  - 09 C4 AA 05  00 00 64 50  00 00 00 00  00 00 63 63  63 47 08 0C  13 00 01 0A  00 00 00 17  EE EE EE EC  E6 79 E0 20  E0 20 30 19  0A 00 00 D8  00 00 00 01
GARGOYLE  - E2 04 B2 0C  88 13 00 64  4E 01 00 00  64 00 00 00  00 77 00 00  00 00 01 02  00 00 00 27  EE EE EE E7  AA AA E0 20  E0 20 38 27  00 00 00 D8  00 00 00 01
GANYMEDE2 - 88 13 F4 01  00 00 00 32  B9 00 00 00  64 00 00 00  00 77 00 00  00 00 01 0A  00 00 00 27  EE EE EE EC  85 77 B0 50  B0 50 30 27  00 00 00 C0  00 00 00 00




